[home.jpg]
filters=radblur=1,0.484818,0.170588,-1.000000,-0.625731;
moddate=43e09363dd6ed401
width=1920
height=992
textactive=0
